# oST version 5.0 parameters

[image]

width
1280

height
720

[camera]

camera matrix
1977.17810 0.00000 694.33167 
0.00000 1976.03247 312.07803 
0.00000 0.00000 1.00000 

distortion
-0.57366 0.28449 -0.00090 -0.00231 0.00000 

